Profile data exported by Multi Gauge

Image File : 20200812-221112-[Cy2]tif

	Lane Number
(pixel)	1	2	3	4	5	6	7	8	9	10	11
0.0000	21367.0000	23192.0000	17798.0000	17507.0000	17495.0000	17475.0000	17116.0000	16713.0000	16758.0000	16643.0000	16546.0000
1.0000	21927.0000	23572.0000	17961.0000	17563.0000	17615.0000	17594.0000	17147.0000	16793.0000	16768.0000	16668.0000	16621.0000
2.0000	22660.0000	24204.0000	18119.0000	17710.0000	17679.0000	17790.0000	17165.0000	16840.0000	16814.0000	16700.0000	16692.0000
3.0000	23842.0000	24923.0000	18443.0000	17842.0000	17882.0000	17986.0000	17280.0000	16875.0000	16813.0000	16757.0000	16689.0000
4.0000	25321.0000	26142.0000	18667.0000	18050.0000	18075.0000	18124.0000	17421.0000	16932.0000	16886.0000	16809.0000	16694.0000
5.0000	27703.0000	27893.0000	19016.0000	18262.0000	18283.0000	18379.0000	17682.0000	17095.0000	16915.0000	16866.0000	16675.0000
6.0000	30763.0000	30463.0000	19308.0000	18559.0000	18429.0000	18607.0000	17860.0000	17235.0000	17019.0000	16902.0000	16708.0000
7.0000	34842.0000	33846.0000	19785.0000	18828.0000	18685.0000	18883.0000	17970.0000	17451.0000	17155.0000	17013.0000	16798.0000
8.0000	40817.0000	38014.0000	20296.0000	19351.0000	19013.0000	19271.0000	18154.0000	17621.0000	17396.0000	17107.0000	17009.0000
9.0000	46735.0000	42808.0000	21305.0000	19919.0000	19568.0000	19763.0000	18417.0000	17720.0000	17538.0000	17277.0000	17099.0000
10.0000	53632.0000	51227.0000	22169.0000	20664.0000	20002.0000	20168.0000	18849.0000	17823.0000	17627.0000	17405.0000	17199.0000
11.0000	66153.0000	65875.0000	23459.0000	21230.0000	20484.0000	20562.0000	19187.0000	18155.0000	17716.0000	17486.0000	17258.0000
12.0000	89720.0000	87696.0000	24672.0000	22006.0000	20900.0000	20996.0000	19439.0000	18529.0000	17987.0000	17640.0000	17423.0000
13.0000	121413.0000	116480.0000	27298.0000	22841.0000	21589.0000	21763.0000	19650.0000	18888.0000	18251.0000	17924.0000	17639.0000
14.0000	158267.0000	153683.0000	30294.0000	24556.0000	22570.0000	22672.0000	19992.0000	19067.0000	18617.0000	18284.0000	17934.0000
15.0000	205616.0000	206424.0000	35898.0000	26862.0000	24015.0000	23933.0000	20694.0000	19284.0000	18748.0000	18514.0000	18114.0000
16.0000	261831.0000	294988.0000	39910.0000	29685.0000	25502.0000	24742.0000	21643.0000	19643.0000	18936.0000	18631.0000	18190.0000
17.0000	368596.0000	453830.0000	48822.0000	32346.0000	26800.0000	25044.0000	22367.0000	20353.0000	19172.0000	18906.0000	18357.0000
18.0000	536245.0000	706721.0000	60591.0000	36339.0000	27788.0000	25208.0000	22802.0000	21233.0000	19792.0000	19382.0000	18796.0000
19.0000	853380.0000	1015325.0000	87872.0000	42514.0000	29087.0000	25669.0000	22776.0000	21774.0000	20641.0000	20129.0000	19290.0000
20.0000	1163083.0000	1238488.0000	110470.0000	52863.0000	31315.0000	26289.0000	22575.0000	21775.0000	21371.0000	20734.0000	19907.0000
21.0000	1431109.0000	1330833.0000	134063.0000	62042.0000	33564.0000	26938.0000	22557.0000	21406.0000	21517.0000	21028.0000	20273.0000
22.0000	1397128.0000	1232768.0000	145761.0000	69752.0000	35258.0000	27091.0000	22662.0000	21189.0000	21386.0000	20960.0000	20283.0000
23.0000	1086661.0000	917354.0000	143463.0000	70939.0000	35931.0000	26951.0000	22796.0000	21251.0000	21026.0000	20734.0000	20092.0000
24.0000	649017.0000	572644.0000	137600.0000	66631.0000	35410.0000	26932.0000	22853.0000	21350.0000	20982.0000	20629.0000	20039.0000
25.0000	354922.0000	294523.0000	132306.0000	62359.0000	34983.0000	27489.0000	23002.0000	21572.0000	21030.0000	20810.0000	20103.0000
26.0000	188568.0000	155839.0000	139685.0000	61931.0000	35001.0000	28382.0000	23197.0000	21699.0000	21271.0000	20912.0000	20270.0000
27.0000	112489.0000	92052.0000	157814.0000	66388.0000	36343.0000	29272.0000	23734.0000	21812.0000	21356.0000	20996.0000	20374.0000
28.0000	83349.0000	70990.0000	168552.0000	71703.0000	38129.0000	29638.0000	24347.0000	22046.0000	21493.0000	21176.0000	20605.0000
29.0000	68895.0000	55477.0000	165352.0000	73074.0000	38926.0000	29605.0000	24731.0000	22708.0000	21693.0000	21454.0000	20764.0000
30.0000	55057.0000	45650.0000	153572.0000	69719.0000	38517.0000	29759.0000	24890.0000	23315.0000	22301.0000	21899.0000	21113.0000
31.0000	44114.0000	37876.0000	139602.0000	65702.0000	38259.0000	30790.0000	25051.0000	23539.0000	22849.0000	22434.0000	21635.0000
32.0000	37626.0000	33689.0000	136264.0000	64257.0000	38906.0000	32336.0000	25533.0000	23572.0000	23183.0000	22819.0000	22027.0000
33.0000	35043.0000	31114.0000	146409.0000	66527.0000	40632.0000	33960.0000	26527.0000	23710.0000	23245.0000	22996.0000	22191.0000
34.0000	33510.0000	29683.0000	161664.0000	75548.0000	43442.0000	34706.0000	27786.0000	24359.0000	23425.0000	23038.0000	22426.0000
35.0000	31761.0000	27637.0000	176535.0000	82819.0000	45978.0000	34134.0000	28620.0000	25577.0000	23899.0000	23446.0000	22828.0000
36.0000	29267.0000	25855.0000	170387.0000	84008.0000	45667.0000	32646.0000	28697.0000	26641.0000	24753.0000	24472.0000	23498.0000
37.0000	27018.0000	24826.0000	147130.0000	77241.0000	44358.0000	31509.0000	28037.0000	27015.0000	25941.0000	25725.0000	24416.0000
38.0000	26466.0000	24684.0000	131785.0000	70192.0000	42297.0000	31530.0000	26858.0000	26533.0000	26791.0000	26402.0000	25142.0000
39.0000	26841.0000	24919.0000	129583.0000	69482.0000	41307.0000	32694.0000	26274.0000	25499.0000	26611.0000	26430.0000	25117.0000
40.0000	27344.0000	25095.0000	135758.0000	74092.0000	43946.0000	33790.0000	26276.0000	24567.0000	25868.0000	25678.0000	24570.0000
41.0000	27574.0000	24730.0000	156300.0000	83471.0000	45936.0000	34581.0000	26858.0000	24424.0000	24551.0000	24637.0000	23702.0000
42.0000	26818.0000	24022.0000	165873.0000	92153.0000	48851.0000	34132.0000	27199.0000	24920.0000	24165.0000	24136.0000	23393.0000
43.0000	25482.0000	23056.0000	165777.0000	94198.0000	49906.0000	32902.0000	27217.0000	25509.0000	24505.0000	24337.0000	23559.0000
44.0000	24530.0000	22610.0000	151089.0000	88987.0000	48103.0000	31849.0000	26680.0000	25743.0000	25236.0000	24998.0000	24002.0000
45.0000	24476.0000	22767.0000	126200.0000	80340.0000	46236.0000	31463.0000	25905.0000	25493.0000	25607.0000	25412.0000	24292.0000
46.0000	25290.0000	23476.0000	116519.0000	76125.0000	44358.0000	32534.0000	25413.0000	24708.0000	25519.0000	25249.0000	24253.0000
47.0000	26546.0000	23906.0000	125046.0000	77313.0000	45402.0000	35113.0000	25493.0000	23863.0000	24715.0000	24593.0000	23770.0000
48.0000	27029.0000	23909.0000	137732.0000	89634.0000	50106.0000	36839.0000	26129.0000	23706.0000	24111.0000	23940.0000	23245.0000
49.0000	26870.0000	23317.0000	154784.0000	102508.0000	54488.0000	37253.0000	26897.0000	24353.0000	23629.0000	23573.0000	22943.0000
50.0000	25730.0000	22710.0000	156648.0000	108520.0000	57009.0000	36009.0000	27099.0000	24965.0000	23814.0000	23739.0000	23229.0000
51.0000	24438.0000	21856.0000	147663.0000	105920.0000	56420.0000	33931.0000	26711.0000	25363.0000	24633.0000	24547.0000	23837.0000
52.0000	23545.0000	21621.0000	128316.0000	92897.0000	51681.0000	32991.0000	25782.0000	25112.0000	25266.0000	25175.0000	24291.0000
53.0000	23584.0000	21965.0000	108314.0000	83420.0000	49774.0000	33061.0000	25089.0000	24362.0000	25259.0000	25203.0000	24240.0000
54.0000	24387.0000	22684.0000	100400.0000	79645.0000	47794.0000	34536.0000	24779.0000	23487.0000	24796.0000	24547.0000	23725.0000
55.0000	25620.0000	23112.0000	108920.0000	81020.0000	48957.0000	37992.0000	25058.0000	23088.0000	23831.0000	23613.0000	22816.0000
56.0000	25947.0000	23030.0000	122048.0000	97913.0000	55819.0000	40570.0000	25917.0000	23227.0000	23274.0000	22988.0000	22363.0000
57.0000	25668.0000	22323.0000	139553.0000	113578.0000	63119.0000	41756.0000	27005.0000	24172.0000	23045.0000	22977.0000	22355.0000
58.0000	24567.0000	21465.0000	139491.0000	121537.0000	67036.0000	40405.0000	27383.0000	24862.0000	23502.0000	23609.0000	22917.0000
59.0000	23273.0000	20743.0000	127323.0000	116481.0000	65843.0000	37435.0000	26980.0000	25362.0000	24488.0000	24540.0000	23717.0000
60.0000	22363.0000	20597.0000	111767.0000	100273.0000	58916.0000	35703.0000	25856.0000	25057.0000	25213.0000	25057.0000	24320.0000
61.0000	22281.0000	20768.0000	93463.0000	87966.0000	55812.0000	35476.0000	25070.0000	24068.0000	25094.0000	25084.0000	24277.0000
62.0000	22877.0000	21483.0000	84622.0000	80692.0000	52752.0000	36872.0000	24661.0000	23053.0000	24411.0000	24316.0000	23627.0000
63.0000	24345.0000	22177.0000	88207.0000	81119.0000	53218.0000	41490.0000	24929.0000	22626.0000	23191.0000	23211.0000	22507.0000
64.0000	25086.0000	22464.0000	97740.0000	93670.0000	60766.0000	45112.0000	25657.0000	22806.0000	22656.0000	22540.0000	22071.0000
65.0000	25106.0000	22027.0000	115785.0000	112891.0000	68429.0000	48543.0000	26971.0000	23594.0000	22492.0000	22510.0000	22123.0000
66.0000	24310.0000	21257.0000	122954.0000	131285.0000	77704.0000	48768.0000	27925.0000	24335.0000	22967.0000	22996.0000	22592.0000
67.0000	23182.0000	20341.0000	116549.0000	133650.0000	81186.0000	45688.0000	28153.0000	25178.0000	23938.0000	23880.0000	23451.0000
68.0000	22183.0000	19982.0000	101149.0000	116673.0000	74818.0000	42238.0000	27408.0000	25328.0000	24838.0000	24730.0000	24095.0000
69.0000	21919.0000	19938.0000	82405.0000	98859.0000	67931.0000	39394.0000	26332.0000	24705.0000	25096.0000	25067.0000	24254.0000
70.0000	22080.0000	20359.0000	73193.0000	83143.0000	60094.0000	39686.0000	25277.0000	23491.0000	24793.0000	24638.0000	23907.0000
71.0000	22997.0000	21012.0000	68947.0000	80714.0000	57394.0000	43483.0000	25073.0000	22602.0000	23648.0000	23624.0000	22844.0000
72.0000	24157.0000	21725.0000	71413.0000	84841.0000	61695.0000	48631.0000	25752.0000	22443.0000	22655.0000	22476.0000	22107.0000
73.0000	25222.0000	21997.0000	84781.0000	98795.0000	68421.0000	54652.0000	26958.0000	22949.0000	22189.0000	22003.0000	21829.0000
74.0000	25291.0000	21685.0000	97006.0000	121792.0000	81143.0000	58395.0000	28345.0000	23724.0000	22390.0000	22210.0000	22058.0000
75.0000	24578.0000	20712.0000	105187.0000	137213.0000	90753.0000	59231.0000	29413.0000	24788.0000	23019.0000	23101.0000	22654.0000
76.0000	23320.0000	19934.0000	100992.0000	141688.0000	96337.0000	56452.0000	29771.0000	25486.0000	24036.0000	23877.0000	23453.0000
77.0000	22182.0000	19405.0000	85603.0000	129631.0000	92974.0000	49221.0000	29256.0000	25632.0000	24838.0000	24626.0000	23953.0000
78.0000	21590.0000	19454.0000	70344.0000	102184.0000	76876.0000	45196.0000	27706.0000	25037.0000	25099.0000	24781.0000	24044.0000
79.0000	21677.0000	19804.0000	58999.0000	85205.0000	68795.0000	43909.0000	26490.0000	23856.0000	24641.0000	24384.0000	23601.0000
80.0000	22276.0000	20510.0000	55531.0000	79987.0000	62733.0000	46920.0000	25911.0000	22739.0000	23719.0000	23371.0000	22819.0000
81.0000	23387.0000	21126.0000	58663.0000	80601.0000	64162.0000	55565.0000	26535.0000	22405.0000	22381.0000	22282.0000	21796.0000
82.0000	24452.0000	21573.0000	63537.0000	93172.0000	73545.0000	62680.0000	27864.0000	22833.0000	21937.0000	21722.0000	21447.0000
83.0000	24929.0000	21573.0000	76700.0000	113631.0000	86256.0000	70130.0000	29758.0000	23898.0000	22172.0000	21860.0000	21684.0000
84.0000	24539.0000	21108.0000	85165.0000	134896.0000	100588.0000	72960.0000	31457.0000	24859.0000	22817.0000	22535.0000	22378.0000
85.0000	23599.0000	20115.0000	87588.0000	145539.0000	111534.0000	71634.0000	32536.0000	25854.0000	23714.0000	23466.0000	23322.0000
86.0000	22237.0000	19361.0000	81496.0000	142609.0000	112106.0000	65271.0000	32612.0000	26135.0000	24564.0000	24330.0000	23815.0000
87.0000	21428.0000	19037.0000	66318.0000	119008.0000	104880.0000	55776.0000	31605.0000	25975.0000	25078.0000	24696.0000	23945.0000
88.0000	21157.0000	19154.0000	54309.0000	93197.0000	84061.0000	50725.0000	29500.0000	25066.0000	25031.0000	24507.0000	23690.0000
89.0000	21336.0000	19542.0000	47496.0000	76932.0000	72817.0000	49777.0000	28015.0000	23937.0000	24095.0000	23677.0000	22925.0000
90.0000	21856.0000	20190.0000	45280.0000	72517.0000	65743.0000	54169.0000	27427.0000	23003.0000	23175.0000	22788.0000	22094.0000
91.0000	22979.0000	20800.0000	48246.0000	74501.0000	68555.0000	63327.0000	28213.0000	22730.0000	22175.0000	21782.0000	21261.0000
92.0000	23863.0000	21342.0000	51531.0000	87250.0000	81114.0000	74265.0000	30536.0000	23240.0000	21966.0000	21399.0000	21171.0000
93.0000	24380.0000	21398.0000	62301.0000	108437.0000	92592.0000	84178.0000	32933.0000	24336.0000	22366.0000	21726.0000	21612.0000
94.0000	24126.0000	21031.0000	69049.0000	130702.0000	111335.0000	89446.0000	35557.0000	25540.0000	23155.0000	22546.0000	22377.0000
95.0000	23250.0000	20069.0000	71776.0000	142287.0000	123817.0000	89497.0000	37404.0000	26716.0000	23993.0000	23459.0000	23157.0000
96.0000	22053.0000	19376.0000	67798.0000	142626.0000	127699.0000	83001.0000	37938.0000	27216.0000	24791.0000	24239.0000	23705.0000
97.0000	21101.0000	18848.0000	56954.0000	126721.0000	120718.0000	68693.0000	36927.0000	27186.0000	25194.0000	24603.0000	23840.0000
98.0000	20616.0000	18856.0000	48520.0000	98116.0000	98450.0000	58176.0000	34080.0000	26330.0000	25219.0000	24486.0000	23647.0000
99.0000	20550.0000	19031.0000	40691.0000	76737.0000	80140.0000	53681.0000	31529.0000	24867.0000	24430.0000	23846.0000	22890.0000
100.0000	20884.0000	19556.0000	37515.0000	66179.0000	69443.0000	55904.0000	29869.0000	23671.0000	23445.0000	22790.0000	22114.0000
101.0000	21786.0000	20209.0000	37795.0000	65255.0000	65771.0000	65504.0000	29858.0000	23135.0000	22170.0000	21749.0000	21154.0000
102.0000	22746.0000	20947.0000	39965.0000	71132.0000	74775.0000	75153.0000	31696.0000	23376.0000	21710.0000	21211.0000	20957.0000
103.0000	23875.0000	21314.0000	46617.0000	85537.0000	85862.0000	90476.0000	34880.0000	24616.0000	21745.0000	21273.0000	21132.0000
104.0000	24097.0000	21263.0000	52765.0000	110345.0000	108341.0000	101162.0000	38485.0000	25902.0000	22521.0000	21946.0000	21719.0000
105.0000	23772.0000	20705.0000	58360.0000	126173.0000	124483.0000	108383.0000	43091.0000	27498.0000	23420.0000	22954.0000	22626.0000
106.0000	22677.0000	20000.0000	58924.0000	138064.0000	138948.0000	107143.0000	45550.0000	28799.0000	24566.0000	23881.0000	23360.0000
107.0000	21740.0000	19152.0000	54251.0000	133411.0000	141746.0000	94274.0000	46239.0000	29566.0000	25295.0000	24533.0000	23803.0000
108.0000	20791.0000	18773.0000	47228.0000	114187.0000	124719.0000	77590.0000	43919.0000	29304.0000	25654.0000	24735.0000	23858.0000
109.0000	20314.0000	18600.0000	40290.0000	89124.0000	104831.0000	62176.0000	40005.0000	28136.0000	25390.0000	24423.0000	23444.0000
110.0000	20116.0000	18804.0000	35515.0000	69878.0000	79289.0000	56826.0000	35061.0000	26155.0000	24557.0000	23633.0000	22735.0000
111.0000	20347.0000	19172.0000	32668.0000	59948.0000	69402.0000	57136.0000	32931.0000	24529.0000	23102.0000	22566.0000	21618.0000
112.0000	20882.0000	19933.0000	31901.0000	57294.0000	63502.0000	62975.0000	32412.0000	23957.0000	22178.0000	21540.0000	20900.0000
113.0000	22056.0000	20577.0000	33594.0000	59383.0000	66256.0000	76951.0000	34108.0000	24213.0000	21712.0000	21158.0000	20737.0000
114.0000	23021.0000	21102.0000	36463.0000	71882.0000	79042.0000	90895.0000	37359.0000	25132.0000	21875.0000	21266.0000	21169.0000
115.0000	23663.0000	21179.0000	42894.0000	89080.0000	97551.0000	109650.0000	42332.0000	26961.0000	22396.0000	21833.0000	21742.0000
116.0000	23637.0000	20889.0000	46612.0000	112566.0000	122899.0000	120559.0000	49371.0000	28996.0000	23327.0000	22688.0000	22383.0000
117.0000	23155.0000	20232.0000	48356.0000	122896.0000	139528.0000	123744.0000	54580.0000	31359.0000	24218.0000	23556.0000	23106.0000
118.0000	22262.0000	19626.0000	47099.0000	123963.0000	145567.0000	113814.0000	56861.0000	32837.0000	25324.0000	24319.0000	23690.0000
119.0000	21398.0000	18972.0000	42932.0000	113715.0000	138760.0000	94636.0000	55682.0000	33004.0000	25933.0000	24890.0000	23866.0000
120.0000	20458.0000	18675.0000	38732.0000	93961.0000	114764.0000	77506.0000	50244.0000	31714.0000	25921.0000	24858.0000	23656.0000
121.0000	19954.0000	18444.0000	34579.0000	79267.0000	97551.0000	62968.0000	44291.0000	29382.0000	24973.0000	24115.0000	22833.0000
122.0000	19748.0000	18615.0000	30967.0000	61201.0000	75579.0000	57243.0000	38808.0000	27009.0000	23935.0000	22978.0000	21846.0000
123.0000	19984.0000	18970.0000	28298.0000	51672.0000	65270.0000	56782.0000	36547.0000	25295.0000	22653.0000	21755.0000	20836.0000
124.0000	20455.0000	19647.0000	27951.0000	48650.0000	59103.0000	64533.0000	35511.0000	24659.0000	22073.0000	21027.0000	20424.0000
125.0000	21549.0000	20270.0000	29165.0000	49773.0000	60737.0000	76338.0000	36627.0000	24877.0000	21778.0000	20883.0000	20354.0000
126.0000	22420.0000	20806.0000	31420.0000	60958.0000	74645.0000	90632.0000	40945.0000	26043.0000	21926.0000	21132.0000	20735.0000
127.0000	23028.0000	20973.0000	35891.0000	76184.0000	91810.0000	116482.0000	48817.0000	28754.0000	22356.0000	21497.0000	21274.0000
128.0000	23198.0000	20902.0000	38305.0000	95538.0000	117756.0000	129242.0000	57997.0000	31965.0000	23358.0000	22250.0000	22053.0000
129.0000	23073.0000	20430.0000	39707.0000	105206.0000	136839.0000	133533.0000	65819.0000	35550.0000	24689.0000	23354.0000	22902.0000
130.0000	22410.0000	19912.0000	39524.0000	107459.0000	142149.0000	124835.0000	69231.0000	37719.0000	25894.0000	24368.0000	23607.0000
131.0000	21611.0000	19333.0000	37863.0000	101970.0000	139806.0000	108306.0000	68220.0000	38251.0000	26473.0000	24930.0000	23805.0000
132.0000	20537.0000	18906.0000	35187.0000	92036.0000	122430.0000	93858.0000	63422.0000	36698.0000	26491.0000	24824.0000	23510.0000
133.0000	19884.0000	18417.0000	31199.0000	80017.0000	111282.0000	75544.0000	55743.0000	33929.0000	25609.0000	24036.0000	22729.0000
134.0000	19494.0000	18338.0000	28282.0000	63658.0000	87006.0000	62161.0000	48753.0000	31448.0000	24798.0000	22998.0000	21842.0000
135.0000	19491.0000	18474.0000	25025.0000	48352.0000	70321.0000	55039.0000	44216.0000	28731.0000	23480.0000	22105.0000	20880.0000
136.0000	19791.0000	18877.0000	24071.0000	41542.0000	57394.0000	54370.0000	39569.0000	26668.0000	22779.0000	21307.0000	20458.0000
137.0000	20485.0000	19361.0000	24468.0000	41187.0000	52670.0000	62307.0000	38338.0000	25854.0000	22205.0000	20947.0000	20264.0000
138.0000	21158.0000	20003.0000	25550.0000	45055.0000	58828.0000	76461.0000	41011.0000	26164.0000	22040.0000	20852.0000	20364.0000
139.0000	22004.0000	20422.0000	27903.0000	54959.0000	69598.0000	101082.0000	48608.0000	28692.0000	22268.0000	21032.0000	20687.0000
140.0000	22572.0000	20743.0000	29580.0000	67006.0000	90015.0000	118002.0000	58868.0000	31859.0000	23163.0000	21620.0000	21325.0000
141.0000	22988.0000	20772.0000	31431.0000	77131.0000	107859.0000	131427.0000	68882.0000	37842.0000	24342.0000	22647.0000	22157.0000
142.0000	22987.0000	20642.0000	32400.0000	86264.0000	123415.0000	134642.0000	76869.0000	41313.0000	25647.0000	23743.0000	22948.0000
143.0000	22608.0000	20106.0000	32683.0000	89292.0000	132044.0000	131522.0000	81101.0000	44161.0000	26765.0000	24650.0000	23485.0000
144.0000	21677.0000	19565.0000	31913.0000	88336.0000	130932.0000	122974.0000	81559.0000	44653.0000	27476.0000	24984.0000	23552.0000
145.0000	20763.0000	18742.0000	29064.0000	81323.0000	125275.0000	103352.0000	78308.0000	43844.0000	27543.0000	24860.0000	23322.0000
146.0000	19799.0000	18332.0000	26504.0000	69108.0000	107084.0000	81558.0000	70196.0000	41320.0000	27241.0000	24351.0000	22829.0000
147.0000	19414.0000	18065.0000	23955.0000	54765.0000	88457.0000	62369.0000	60937.0000	37281.0000	26221.0000	23731.0000	22150.0000
148.0000	19216.0000	18082.0000	22479.0000	42034.0000	62757.0000	51090.0000	49435.0000	32985.0000	25223.0000	22761.0000	21557.0000
149.0000	19266.0000	18261.0000	21429.0000	35002.0000	50268.0000	47308.0000	41800.0000	28798.0000	23735.0000	22048.0000	20862.0000
150.0000	19421.0000	18574.0000	21236.0000	32768.0000	44048.0000	50122.0000	39112.0000	26944.0000	22775.0000	21390.0000	20561.0000
151.0000	19941.0000	18929.0000	21693.0000	32929.0000	44320.0000	59481.0000	39344.0000	26723.0000	22191.0000	21036.0000	20438.0000
152.0000	20468.0000	19577.0000	22458.0000	35697.0000	51155.0000	71270.0000	43372.0000	27963.0000	22264.0000	21038.0000	20522.0000
153.0000	21440.0000	20068.0000	23726.0000	40131.0000	57923.0000	88195.0000	50455.0000	31391.0000	22776.0000	21561.0000	20887.0000
154.0000	22031.0000	20449.0000	25261.0000	49873.0000	72216.0000	100018.0000	57776.0000	35288.0000	23775.0000	22271.0000	21537.0000
155.0000	22416.0000	20523.0000	26842.0000	57849.0000	86825.0000	115219.0000	69086.0000	40670.0000	25108.0000	23214.0000	22414.0000
156.0000	22403.0000	20309.0000	27638.0000	66653.0000	101376.0000	122354.0000	77949.0000	43826.0000	26424.0000	23988.0000	23265.0000
157.0000	22146.0000	19818.0000	27595.0000	69227.0000	110496.0000	120917.0000	84194.0000	47965.0000	27656.0000	24794.0000	23714.0000
158.0000	21580.0000	19418.0000	26842.0000	67300.0000	108845.0000	108588.0000	85559.0000	49754.0000	28874.0000	25293.0000	23902.0000
159.0000	21095.0000	18875.0000	25231.0000	60188.0000	100373.0000	88673.0000	80724.0000	48665.0000	29076.0000	25464.0000	23739.0000
160.0000	20360.0000	18575.0000	23752.0000	52769.0000	82211.0000	70188.0000	69021.0000	44233.0000	28626.0000	25194.0000	23339.0000
161.0000	19953.0000	18342.0000	22358.0000	46039.0000	70839.0000	56817.0000	57535.0000	38334.0000	26950.0000	24287.0000	22438.0000
162.0000	19461.0000	18243.0000	21430.0000	39237.0000	55626.0000	48900.0000	48204.0000	33277.0000	25528.0000	23115.0000	21525.0000
163.0000	19231.0000	18162.0000	20588.0000	34050.0000	48640.0000	44635.0000	43327.0000	29851.0000	23832.0000	22053.0000	20686.0000
164.0000	19173.0000	18376.0000	20209.0000	29859.0000	41118.0000	44214.0000	39681.0000	28029.0000	23180.0000	21338.0000	20358.0000
165.0000	19524.0000	18714.0000	20314.0000	29039.0000	38684.0000	48637.0000	38726.0000	27734.0000	22654.0000	21119.0000	20175.0000
166.0000	19915.0000	19229.0000	20923.0000	30063.0000	41787.0000	59104.0000	41006.0000	28694.0000	22569.0000	21128.0000	20288.0000
167.0000	20517.0000	19776.0000	22240.0000	34633.0000	49222.0000	80155.0000	47554.0000	31619.0000	22894.0000	21342.0000	20650.0000
168.0000	20937.0000	20322.0000	23401.0000	43435.0000	67493.0000	102735.0000	60372.0000	35952.0000	23818.0000	21888.0000	21212.0000
169.0000	21492.0000	20554.0000	24721.0000	50957.0000	84359.0000	125338.0000	77410.0000	45923.0000	25451.0000	22812.0000	21807.0000
170.0000	21896.0000	20794.0000	25531.0000	58010.0000	100603.0000	136969.0000	95976.0000	56073.0000	27898.0000	23841.0000	22702.0000
171.0000	22214.0000	20810.0000	26252.0000	62033.0000	109324.0000	140511.0000	105800.0000	63973.0000	30508.0000	25068.0000	23701.0000
172.0000	22176.0000	20675.0000	26576.0000	65298.0000	115140.0000	137298.0000	111450.0000	67231.0000	32617.0000	26243.0000	24191.0000
173.0000	21896.0000	20248.0000	26292.0000	65122.0000	116804.0000	128710.0000	112439.0000	67561.0000	33495.0000	26752.0000	24249.0000
174.0000	21174.0000	19741.0000	25370.0000	62351.0000	110215.0000	113974.0000	108102.0000	65205.0000	33625.0000	26714.0000	24022.0000
175.0000	20517.0000	19102.0000	23823.0000	55929.0000	102335.0000	92589.0000	100361.0000	61283.0000	32824.0000	26261.0000	23518.0000
176.0000	19899.0000	18855.0000	22379.0000	45501.0000	80629.0000	71895.0000	83946.0000	54113.0000	31867.0000	25567.0000	23062.0000
177.0000	19624.0000	18632.0000	21051.0000	36815.0000	63402.0000	52937.0000	69386.0000	46413.0000	29849.0000	24826.0000	22358.0000
178.0000	19422.0000	18628.0000	20288.0000	30089.0000	45788.0000	42760.0000	51575.0000	38247.0000	28152.0000	23965.0000	21934.0000
179.0000	19390.0000	18674.0000	19994.0000	26412.0000	38046.0000	39320.0000	41914.0000	31948.0000	25897.0000	23092.0000	21396.0000
180.0000	19428.0000	18883.0000	19855.0000	25102.0000	33856.0000	40374.0000	38520.0000	30016.0000	24648.0000	22493.0000	21144.0000
181.0000	19659.0000	19196.0000	20030.0000	25006.0000	33425.0000	45804.0000	38434.0000	29710.0000	23937.0000	22167.0000	21063.0000
182.0000	19999.0000	19711.0000	20331.0000	26066.0000	36010.0000	53270.0000	41686.0000	31373.0000	24082.0000	22231.0000	21203.0000
183.0000	20718.0000	20111.0000	20986.0000	28113.0000	40327.0000	64069.0000	47747.0000	35948.0000	24792.0000	22660.0000	21717.0000
184.0000	21272.0000	20724.0000	21889.0000	31895.0000	47625.0000	76317.0000	56397.0000	40355.0000	25878.0000	23352.0000	22310.0000
185.0000	22051.0000	21141.0000	23082.0000	35868.0000	56231.0000	90945.0000	67420.0000	46854.0000	27585.0000	24334.0000	22946.0000
186.0000	22470.0000	21490.0000	23918.0000	42802.0000	70590.0000	102433.0000	79803.0000	53260.0000	29520.0000	25350.0000	23744.0000
187.0000	22806.0000	21566.0000	24501.0000	45973.0000	80654.0000	109515.0000	91419.0000	61094.0000	32009.0000	26400.0000	24474.0000
188.0000	22931.0000	21551.0000	24624.0000	47700.0000	84830.0000	106932.0000	100323.0000	66530.0000	34339.0000	27344.0000	24991.0000
189.0000	22930.0000	21326.0000	24417.0000	46844.0000	84532.0000	96416.0000	100711.0000	68132.0000	35843.0000	28126.0000	25278.0000
190.0000	22720.0000	21084.0000	24000.0000	44558.0000	77710.0000	82098.0000	93128.0000	64750.0000	36278.0000	28427.0000	25220.0000
191.0000	22527.0000	20671.0000	23267.0000	41500.0000	73042.0000	70800.0000	84114.0000	57893.0000	35105.0000	27993.0000	24752.0000
192.0000	21881.0000	20260.0000	22547.0000	37704.0000	60310.0000	59691.0000	70820.0000	50548.0000	33366.0000	27008.0000	24082.0000
193.0000	21458.0000	19812.0000	21687.0000	33211.0000	53246.0000	49168.0000	62016.0000	43994.0000	30690.0000	25834.0000	23210.0000
194.0000	20937.0000	19608.0000	20831.0000	28736.0000	43135.0000	40880.0000	51460.0000	38571.0000	29165.0000	24808.0000	22669.0000
195.0000	20799.0000	19455.0000	20091.0000	25597.0000	37665.0000	36434.0000	44286.0000	34129.0000	27452.0000	24112.0000	22257.0000
196.0000	20803.0000	19558.0000	19790.0000	23259.0000	30994.0000	34760.0000	37907.0000	31252.0000	26472.0000	23670.0000	22153.0000
197.0000	21100.0000	19730.0000	19767.0000	22557.0000	29047.0000	36790.0000	36086.0000	30146.0000	25622.0000	23464.0000	22065.0000
198.0000	21349.0000	19986.0000	19841.0000	22957.0000	29899.0000	43330.0000	36934.0000	30527.0000	25471.0000	23503.0000	22227.0000
199.0000	21847.0000	20169.0000	20180.0000	24326.0000	33224.0000	55119.0000	42767.0000	34273.0000	25792.0000	23733.0000	22570.0000
200.0000	22370.0000	20508.0000	20587.0000	26542.0000	39770.0000	66594.0000	52795.0000	39906.0000	27239.0000	24220.0000	23371.0000
201.0000	23143.0000	20901.0000	21196.0000	28613.0000	44696.0000	78924.0000	63953.0000	50017.0000	29811.0000	25256.0000	23956.0000
202.0000	24118.0000	21453.0000	21848.0000	31918.0000	53827.0000	88964.0000	77402.0000	58342.0000	32440.0000	26598.0000	24663.0000
203.0000	25404.0000	21742.0000	22712.0000	35351.0000	61321.0000	98668.0000	89178.0000	67359.0000	35939.0000	28252.0000	25320.0000
204.0000	26270.0000	21915.0000	23400.0000	38519.0000	68575.0000	104748.0000	100103.0000	74029.0000	39041.0000	29653.0000	26031.0000
205.0000	27346.0000	21798.0000	23757.0000	40560.0000	75170.0000	106788.0000	107909.0000	79854.0000	41370.0000	30858.0000	26586.0000
206.0000	27843.0000	21496.0000	23713.0000	40947.0000	76891.0000	100991.0000	111885.0000	82095.0000	43349.0000	31690.0000	27045.0000
207.0000	28405.0000	20975.0000	23259.0000	39362.0000	74581.0000	87605.0000	109655.0000	81257.0000	44355.0000	32204.0000	27194.0000
208.0000	28748.0000	20634.0000	22584.0000	36330.0000	64575.0000	72600.0000	97410.0000	75638.0000	44298.0000	32278.0000	27119.0000
209.0000	29359.0000	20168.0000	21845.0000	32700.0000	57324.0000	56563.0000	82501.0000	64622.0000	41976.0000	31699.0000	26699.0000
210.0000	29732.0000	19767.0000	21210.0000	29870.0000	46032.0000	47191.0000	66413.0000	54105.0000	39051.0000	30507.0000	26115.0000
211.0000	30328.0000	19501.0000	20629.0000	27145.0000	41424.0000	39893.0000	55073.0000	45370.0000	35142.0000	29124.0000	25268.0000
212.0000	30796.0000	19340.0000	20134.0000	24738.0000	34110.0000	36585.0000	46829.0000	39871.0000	32791.0000	27887.0000	24766.0000
213.0000	31573.0000	18777.0000	19654.0000	22956.0000	31133.0000	35452.0000	42904.0000	37762.0000	31270.0000	27190.0000	24499.0000
214.0000	32241.0000	18483.0000	19316.0000	21948.0000	28946.0000	36574.0000	41476.0000	37419.0000	30931.0000	27049.0000	24564.0000
215.0000	33192.0000	18350.0000	19166.0000	21703.0000	28653.0000	42634.0000	42187.0000	39270.0000	31494.0000	27440.0000	24805.0000
216.0000	33861.0000	18471.0000	19167.0000	22290.0000	31064.0000	54489.0000	49383.0000	44767.0000	32969.0000	28605.0000	25324.0000
217.0000	35086.0000	18661.0000	19411.0000	24044.0000	37332.0000	73440.0000	65826.0000	58182.0000	36788.0000	30505.0000	26073.0000
218.0000	35938.0000	18973.0000	19714.0000	27013.0000	47183.0000	97748.0000	92014.0000	74964.0000	43981.0000	33444.0000	27246.0000
219.0000	37371.0000	19265.0000	20288.0000	30063.0000	59249.0000	125006.0000	125302.0000	109675.0000	58267.0000	38507.0000	29294.0000
220.0000	38527.0000	19712.0000	20710.0000	34039.0000	72895.0000	144131.0000	164012.0000	142043.0000	72113.0000	44856.0000	31673.0000
221.0000	40493.0000	20111.0000	21473.0000	37120.0000	82898.0000	162247.0000	199471.0000	178799.0000	93782.0000	54706.0000	34252.0000
222.0000	41866.0000	20635.0000	22083.0000	40972.0000	93313.0000	170195.0000	224789.0000	198858.0000	109355.0000	62990.0000	36387.0000
223.0000	43351.0000	20991.0000	22750.0000	43276.0000	100369.0000	174219.0000	243647.0000	216273.0000	123459.0000	69171.0000	37956.0000
224.0000	43921.0000	21109.0000	23050.0000	45240.0000	104469.0000	169193.0000	252924.0000	223213.0000	131698.0000	72742.0000	38705.0000
225.0000	44421.0000	20959.0000	22972.0000	44708.0000	104669.0000	154537.0000	250954.0000	221599.0000	133663.0000	73498.0000	38812.0000
226.0000	44732.0000	20623.0000	22567.0000	42368.0000	94759.0000	131669.0000	233983.0000	208535.0000	132160.0000	72389.0000	38400.0000
227.0000	45340.0000	20178.0000	21849.0000	37888.0000	83583.0000	99363.0000	203234.0000	181315.0000	122774.0000	69081.0000	37233.0000
228.0000	46026.0000	19851.0000	21187.0000	33282.0000	65457.0000	75101.0000	155053.0000	145255.0000	111463.0000	63957.0000	35921.0000
229.0000	47425.0000	19455.0000	20521.0000	29417.0000	54384.0000	55973.0000	119656.0000	108338.0000	90441.0000	56249.0000	34011.0000
230.0000	49943.0000	19266.0000	20002.0000	26458.0000	42213.0000	44420.0000	84620.0000	81568.0000	71824.0000	48158.0000	32478.0000
231.0000	54944.0000	18924.0000	19515.0000	24274.0000	36325.0000	37194.0000	65585.0000	61788.0000	55722.0000	41517.0000	30913.0000
232.0000	65385.0000	18742.0000	19104.0000	22678.0000	30600.0000	34669.0000	52719.0000	51763.0000	48819.0000	38384.0000	30686.0000
233.0000	87123.0000	18604.0000	18830.0000	21340.0000	28609.0000	34009.0000	47756.0000	48657.0000	46037.0000	37909.0000	31428.0000
234.0000	121240.0000	18576.0000	18647.0000	20745.0000	26923.0000	35444.0000	46997.0000	48453.0000	45648.0000	38990.0000	33165.0000
235.0000	177371.0000	18558.0000	18603.0000	20729.0000	26932.0000	42250.0000	49883.0000	54892.0000	49304.0000	43179.0000	35506.0000
236.0000	235298.0000	18744.0000	18606.0000	21269.0000	29055.0000	52486.0000	62579.0000	69456.0000	56679.0000	48581.0000	38612.0000
237.0000	313134.0000	19002.0000	18752.0000	21998.0000	33801.0000	67422.0000	81824.0000	91502.0000	71063.0000	58133.0000	44144.0000
238.0000	378322.0000	19327.0000	18947.0000	23777.0000	40125.0000	83330.0000	115877.0000	124824.0000	94057.0000	75636.0000	49273.0000
239.0000	473928.0000	19619.0000	19406.0000	25303.0000	45743.0000	101188.0000	148048.0000	168882.0000	130671.0000	95556.0000	60242.0000
240.0000	554373.0000	20080.0000	19696.0000	27197.0000	53394.0000	109743.0000	183925.0000	211216.0000	171446.0000	120604.0000	70338.0000
241.0000	640395.0000	20567.0000	20291.0000	28581.0000	58386.0000	117970.0000	214450.0000	250056.0000	215965.0000	152009.0000	81031.0000
242.0000	667417.0000	21138.0000	20788.0000	30282.0000	62281.0000	120258.0000	231625.0000	268528.0000	246492.0000	172971.0000	87051.0000
243.0000	659251.0000	21492.0000	21346.0000	30989.0000	65360.0000	118729.0000	241171.0000	281128.0000	262409.0000	183845.0000	89255.0000
244.0000	595673.0000	21755.0000	21737.0000	31360.0000	65420.0000	112006.0000	240889.0000	279945.0000	270091.0000	185881.0000	88586.0000
245.0000	515878.0000	21769.0000	21880.0000	30804.0000	64195.0000	98815.0000	229488.0000	268744.0000	263997.0000	180681.0000	84730.0000
246.0000	404619.0000	21600.0000	21751.0000	29575.0000	57617.0000	81925.0000	206404.0000	242193.0000	251999.0000	170272.0000	80635.0000
247.0000	332217.0000	21262.0000	21443.0000	27490.0000	51493.0000	63597.0000	167767.0000	204987.0000	219712.0000	153715.0000	73168.0000
248.0000	260914.0000	20992.0000	21056.0000	25622.0000	41870.0000	49738.0000	127410.0000	162229.0000	187842.0000	131342.0000	66190.0000
249.0000	187452.0000	20524.0000	20599.0000	23826.0000	35774.0000	39588.0000	96158.0000	116407.0000	140659.0000	109008.0000	57359.0000
250.0000	135890.0000	20224.0000	20169.0000	22546.0000	30153.0000	32285.0000	68675.0000	85483.0000	107503.0000	84830.0000	52803.0000
251.0000	101729.0000	19723.0000	19699.0000	21364.0000	27400.0000	28613.0000	54637.0000	62807.0000	79535.0000	67315.0000	51404.0000
252.0000	82774.0000	19451.0000	19375.0000	20581.0000	24374.0000	26636.0000	43316.0000	51398.0000	67014.0000	59713.0000	53590.0000
253.0000	83250.0000	19106.0000	19048.0000	19876.0000	23255.0000	25843.0000	38759.0000	46301.0000	60847.0000	59559.0000	61899.0000
254.0000	91096.0000	18987.0000	18789.0000	19480.0000	22242.0000	26166.0000	37713.0000	46715.0000	59924.0000	63773.0000	77198.0000
255.0000	120750.0000	18910.0000	18669.0000	19246.0000	22087.0000	28330.0000	38874.0000	50813.0000	66453.0000	79313.0000	99987.0000
256.0000	157904.0000	18931.0000	18597.0000	19302.0000	22594.0000	31633.0000	45676.0000	59611.0000	80930.0000	101592.0000	129111.0000
257.0000	199079.0000	18975.0000	18693.0000	19456.0000	23874.0000	38248.0000	58149.0000	81584.0000	111306.0000	135097.0000	182136.0000
258.0000	253873.0000	19170.0000	18763.0000	19929.0000	25647.0000	44728.0000	78227.0000	110062.0000	153836.0000	187129.0000	233293.0000
259.0000	324035.0000	19321.0000	18954.0000	20363.0000	27893.0000	53222.0000	98723.0000	152227.0000	219320.0000	263142.0000	323230.0000
260.0000	380160.0000	19706.0000	19174.0000	21190.0000	30207.0000	58704.0000	125399.0000	192850.0000	299008.0000	361617.0000	411124.0000
261.0000	464187.0000	20149.0000	19576.0000	21811.0000	32743.0000	63788.0000	145103.0000	238730.0000	389982.0000	472733.0000	519534.0000
262.0000	502131.0000	20653.0000	19915.0000	22638.0000	34840.0000	66639.0000	164781.0000	264032.0000	467022.0000	564039.0000	591185.0000
263.0000	528579.0000	21209.0000	20564.0000	23187.0000	37116.0000	68713.0000	177084.0000	288024.0000	520015.0000	628569.0000	637751.0000
264.0000	510302.0000	21805.0000	21015.0000	24004.0000	38221.0000	68031.0000	184014.0000	297172.0000	554047.0000	659131.0000	645637.0000
265.0000	473008.0000	22089.0000	21474.0000	24369.0000	38690.0000	64744.0000	182729.0000	299343.0000	565706.0000	668312.0000	624370.0000
266.0000	405506.0000	22333.0000	21850.0000	24556.0000	37754.0000	58776.0000	172582.0000	283400.0000	558465.0000	647401.0000	591399.0000
267.0000	344105.0000	22340.0000	22000.0000	24348.0000	36428.0000	50417.0000	153609.0000	258258.0000	514068.0000	591112.0000	519770.0000
268.0000	278625.0000	22268.0000	21961.0000	23995.0000	33280.0000	43217.0000	126787.0000	214871.0000	458384.0000	521358.0000	450724.0000
269.0000	215738.0000	21986.0000	21774.0000	23338.0000	31282.0000	36231.0000	102225.0000	164066.0000	357922.0000	424723.0000	345530.0000
270.0000	160113.0000	21744.0000	21456.0000	22696.0000	28145.0000	31409.0000	76695.0000	123161.0000	278028.0000	321247.0000	260065.0000
271.0000	112156.0000	21226.0000	21090.0000	21994.0000	26401.0000	27743.0000	61405.0000	89296.0000	193806.0000	223414.0000	174893.0000
272.0000	77792.0000	20798.0000	20697.0000	21439.0000	24144.0000	25191.0000	47325.0000	68587.0000	142925.0000	156804.0000	127865.0000
273.0000	54933.0000	20262.0000	20175.0000	20758.0000	23147.0000	23346.0000	38010.0000	52229.0000	96998.0000	107062.0000	88877.0000
274.0000	41873.0000	19955.0000	19762.0000	20258.0000	21836.0000	22103.0000	31618.0000	41238.0000	74270.0000	80460.0000	71207.0000
275.0000	35282.0000	19552.0000	19429.0000	19706.0000	21224.0000	21246.0000	27259.0000	34481.0000	53957.0000	61704.0000	60577.0000
276.0000	32445.0000	19398.0000	19190.0000	19362.0000	20516.0000	20785.0000	24574.0000	30771.0000	44479.0000	51443.0000	59396.0000
277.0000	31455.0000	19225.0000	19036.0000	19157.0000	20251.0000	20677.0000	23510.0000	28961.0000	39034.0000	49252.0000	61553.0000
278.0000	31131.0000	19235.0000	18968.0000	19104.0000	20034.0000	20765.0000	23408.0000	28735.0000	38220.0000	49728.0000	67595.0000
279.0000	31211.0000	19250.0000	18946.0000	19042.0000	20015.0000	21104.0000	24086.0000	30187.0000	40771.0000	54501.0000	80657.0000
280.0000	31631.0000	19354.0000	18967.0000	19106.0000	20098.0000	21402.0000	25258.0000	32141.0000	46799.0000	64850.0000	100173.0000
281.0000	32657.0000	19430.0000	19066.0000	19150.0000	20356.0000	21951.0000	26735.0000	36231.0000	55902.0000	81047.0000	127949.0000
282.0000	33392.0000	19654.0000	19197.0000	19323.0000	20525.0000	22456.0000	28446.0000	38847.0000	66969.0000	98297.0000	148239.0000
283.0000	34347.0000	19974.0000	19466.0000	19541.0000	20898.0000	23209.0000	30279.0000	42511.0000	78190.0000	115939.0000	173361.0000
284.0000	34902.0000	20566.0000	19752.0000	19854.0000	21277.0000	24072.0000	31656.0000	45175.0000	85972.0000	130502.0000	186042.0000
285.0000	35609.0000	21208.0000	20360.0000	20309.0000	21918.0000	24866.0000	33036.0000	47957.0000	94949.0000	140615.0000	195508.0000
286.0000	35894.0000	22266.0000	21082.0000	21145.0000	22674.0000	25708.0000	34245.0000	49805.0000	100973.0000	148324.0000	198485.0000
287.0000	36103.0000	23334.0000	22117.0000	22043.0000	23627.0000	26729.0000	35111.0000	50633.0000	103943.0000	151996.0000	194191.0000
288.0000	36056.0000	24514.0000	23133.0000	23188.0000	24747.0000	27405.0000	35236.0000	49818.0000	103598.0000	149646.0000	184104.0000
289.0000	36036.0000	25477.0000	24233.0000	24159.0000	25878.0000	28190.0000	34932.0000	47961.0000	97635.0000	141261.0000	166385.0000
290.0000	35778.0000	26526.0000	25058.0000	25324.0000	26619.0000	28460.0000	34112.0000	45059.0000	90152.0000	126922.0000	144992.0000
291.0000	35353.0000	27143.0000	26043.0000	26080.0000	27346.0000	28479.0000	33307.0000	42006.0000	77166.0000	109147.0000	114378.0000
292.0000	34271.0000	27387.0000	26582.0000	26532.0000	27640.0000	28230.0000	32185.0000	38835.0000	68827.0000	91142.0000	94920.0000
293.0000	32944.0000	27154.0000	26682.0000	26676.0000	27769.0000	27665.0000	31050.0000	36290.0000	58297.0000	74229.0000	74664.0000
294.0000	31270.0000	26399.0000	26290.0000	26494.0000	27565.0000	26758.0000	29672.0000	33525.0000	50856.0000	61792.0000	64417.0000
295.0000	30008.0000	25121.0000	25275.0000	25623.0000	26913.0000	25542.0000	28367.0000	31191.0000	42719.0000	53109.0000	53780.0000
296.0000	28524.0000	23835.0000	24124.0000	24524.0000	25493.0000	23987.0000	26415.0000	28942.0000	39105.0000	45990.0000	49628.0000
297.0000	27464.0000	22509.0000	22764.0000	23177.0000	24395.0000	22393.0000	24699.0000	26748.0000	33569.0000	41205.0000	46577.0000
298.0000	26280.0000	21480.0000	21639.0000	21943.0000	22724.0000	21193.0000	23211.0000	24922.0000	31001.0000	37928.0000	47127.0000
299.0000	25479.0000	20496.0000	20599.0000	20883.0000	21715.0000	20392.0000	22105.0000	23725.0000	28805.0000	36792.0000	49737.0000
300.0000	24227.0000	19806.0000	19903.0000	20098.0000	20544.0000	19839.0000	21264.0000	22988.0000	28329.0000	37219.0000	56182.0000
301.0000	23441.0000	19151.0000	19274.0000	19407.0000	20038.0000	19537.0000	20885.0000	22757.0000	28863.0000	39694.0000	68126.0000
302.0000	22628.0000	18816.0000	18852.0000	19056.0000	19542.0000	19396.0000	20690.0000	22840.0000	30631.0000	44188.0000	78703.0000
303.0000	22170.0000	18490.0000	18414.0000	18604.0000	19324.0000	19353.0000	20684.0000	23345.0000	32940.0000	49097.0000	92968.0000
304.0000	21674.0000	18358.0000	18169.0000	18423.0000	19142.0000	19302.0000	20824.0000	23774.0000	35316.0000	54794.0000	101951.0000
305.0000	21468.0000	18189.0000	17992.0000	18211.0000	19091.0000	19318.0000	21028.0000	24610.0000	38275.0000	60604.0000	111886.0000
306.0000	21339.0000	18187.0000	17924.0000	18116.0000	18976.0000	19375.0000	21189.0000	25165.0000	40867.0000	65768.0000	118235.0000
307.0000	21366.0000	18247.0000	17941.0000	18036.0000	18970.0000	19458.0000	21406.0000	25679.0000	43192.0000	70123.0000	121957.0000
308.0000	21427.0000	18422.0000	17993.0000	18052.0000	18964.0000	19480.0000	21553.0000	25875.0000	45181.0000	72233.0000	122833.0000
309.0000	21813.0000	18587.0000	18098.0000	18141.0000	19113.0000	19615.0000	21627.0000	25852.0000	45459.0000	73051.0000	118602.0000
310.0000	22159.0000	18846.0000	18316.0000	18308.0000	19235.0000	19818.0000	21603.0000	25485.0000	44894.0000	71039.0000	111015.0000
311.0000	22906.0000	19222.0000	18614.0000	18468.0000	19471.0000	20141.0000	21592.0000	25081.0000	42566.0000	66366.0000	97471.0000
312.0000	23714.0000	19729.0000	18952.0000	18803.0000	19702.0000	20445.0000	21560.0000	24699.0000	40670.0000	60902.0000	86043.0000
313.0000	24794.0000	20302.0000	19445.0000	19174.0000	20169.0000	20937.0000	21590.0000	24360.0000	37391.0000	54866.0000	71848.0000
314.0000	25815.0000	21121.0000	19999.0000	19785.0000	20711.0000	21445.0000	21708.0000	23964.0000	35019.0000	49139.0000	63930.0000
315.0000	26991.0000	21700.0000	20593.0000	20277.0000	21259.0000	22074.0000	21954.0000	23723.0000	32426.0000	44292.0000	53941.0000
316.0000	27968.0000	22339.0000	21190.0000	20938.0000	21745.0000	22502.0000	22163.0000	23562.0000	30628.0000	40175.0000	49713.0000
317.0000	29061.0000	22774.0000	21688.0000	21453.0000	22480.0000	22916.0000	22559.0000	23525.0000	28687.0000	36805.0000	44267.0000
318.0000	29570.0000	23195.0000	21993.0000	21952.0000	22824.0000	23118.0000	22817.0000	23499.0000	27689.0000	34037.0000	42172.0000
319.0000	29995.0000	23399.0000	22297.0000	22221.0000	23094.0000	23181.0000	23023.0000	23578.0000	26737.0000	32421.0000	41239.0000
320.0000	30030.0000	23453.0000	22490.0000	22384.0000	23166.0000	23125.0000	23100.0000	23594.0000	26452.0000	31575.0000	41373.0000
321.0000	29970.0000	23289.0000	22469.0000	22376.0000	23188.0000	22934.0000	23060.0000	23600.0000	26316.0000	31490.0000	42403.0000
322.0000	29483.0000	22966.0000	22269.0000	22298.0000	23095.0000	22639.0000	22919.0000	23474.0000	26336.0000	31747.0000	44422.0000
323.0000	29020.0000	22405.0000	21949.0000	22067.0000	22925.0000	22297.0000	22749.0000	23319.0000	26338.0000	32067.0000	46368.0000
324.0000	28160.0000	21851.0000	21537.0000	21695.0000	22411.0000	21798.0000	22464.0000	23123.0000	26433.0000	32500.0000	48537.0000
325.0000	27606.0000	21072.0000	20833.0000	20982.0000	22062.0000	21209.0000	22093.0000	22905.0000	26418.0000	33050.0000	50089.0000
326.0000	26920.0000	20605.0000	20287.0000	20396.0000	21326.0000	20611.0000	21629.0000	22476.0000	26392.0000	33401.0000	50956.0000
327.0000	26356.0000	19970.0000	19724.0000	19785.0000	20793.0000	19982.0000	21086.0000	22122.0000	26194.0000	33405.0000	50993.0000
328.0000	25732.0000	19603.0000	19275.0000	19383.0000	20098.0000	19470.0000	20372.0000	21577.0000	25900.0000	33122.0000	50298.0000
329.0000	25398.0000	19185.0000	18910.0000	18996.0000	19695.0000	19089.0000	19912.0000	21032.0000	25057.0000	32359.0000	48170.0000
330.0000	25257.0000	18911.0000	18648.0000	18687.0000	19252.0000	18842.0000	19492.0000	20552.0000	24351.0000	31225.0000	45815.0000
331.0000	25538.0000	18543.0000	18383.0000	18381.0000	19061.0000	18696.0000	19245.0000	20276.0000	23451.0000	29770.0000	42280.0000
332.0000	26400.0000	18378.0000	18148.0000	18197.0000	18791.0000	18595.0000	18946.0000	19916.0000	22882.0000	28196.0000	39969.0000
333.0000	28520.0000	18231.0000	17959.0000	18051.0000	18688.0000	18588.0000	18835.0000	19684.0000	22030.0000	26599.0000	37314.0000
334.0000	32002.0000	18286.0000	17898.0000	17987.0000	18632.0000	18633.0000	18746.0000	19500.0000	21490.0000	25233.0000	35725.0000
335.0000	38264.0000	18421.0000	17974.0000	17934.0000	18700.0000	18740.0000	18741.0000	19436.0000	20910.0000	24323.0000	34381.0000
336.0000	47765.0000	18715.0000	18078.0000	18071.0000	18785.0000	19010.0000	18791.0000	19410.0000	20642.0000	23663.0000	33677.0000
337.0000	58064.0000	19047.0000	18388.0000	18265.0000	19095.0000	19553.0000	19013.0000	19591.0000	20445.0000	23189.0000	33152.0000
338.0000	74470.0000	19711.0000	18786.0000	18700.0000	19498.0000	20135.0000	19371.0000	19830.0000	20554.0000	23043.0000	33269.0000
339.0000	96938.0000	20486.0000	19407.0000	19203.0000	20052.0000	21234.0000	19931.0000	20426.0000	20830.0000	23232.0000	33824.0000
340.0000	130601.0000	21532.0000	20187.0000	19921.0000	20643.0000	22253.0000	20657.0000	21040.0000	21600.0000	23778.0000	35057.0000
341.0000	178178.0000	22706.0000	21565.0000	20632.0000	21676.0000	23247.0000	21568.0000	21871.0000	22461.0000	25003.0000	36614.0000
342.0000	233618.0000	24143.0000	22740.0000	21799.0000	22733.0000	24367.0000	22578.0000	22758.0000	23704.0000	26496.0000	38420.0000
343.0000	298547.0000	25641.0000	23747.0000	22846.0000	24023.0000	25668.0000	23726.0000	23891.0000	25122.0000	28047.0000	40564.0000
344.0000	353847.0000	26985.0000	25048.0000	24288.0000	25228.0000	26697.0000	25007.0000	24910.0000	26440.0000	29473.0000	42392.0000
345.0000	408327.0000	27716.0000	26018.0000	25319.0000	26436.0000	27371.0000	26082.0000	26173.0000	27654.0000	31161.0000	43671.0000
346.0000	443609.0000	28155.0000	26576.0000	26221.0000	27110.0000	27527.0000	26935.0000	26868.0000	28971.0000	32260.0000	44878.0000
347.0000	484529.0000	28110.0000	26710.0000	26467.0000	27421.0000	27182.0000	27214.0000	27349.0000	29665.0000	33105.0000	45199.0000
348.0000	499898.0000	27707.0000	26485.0000	26442.0000	27207.0000	26359.0000	27074.0000	27326.0000	30092.0000	33406.0000	44772.0000
349.0000	504759.0000	27045.0000	25914.0000	26013.0000	26771.0000	25433.0000	26692.0000	26921.0000	29750.0000	33096.0000	43256.0000
350.0000	484378.0000	25976.0000	25224.0000	25397.0000	25785.0000	24416.0000	25734.0000	26097.0000	29031.0000	31969.0000	41322.0000
351.0000	453640.0000	24524.0000	23919.0000	24518.0000	24995.0000	23229.0000	24816.0000	25185.0000	27571.0000	30254.0000	38402.0000
352.0000	399652.0000	23232.0000	22733.0000	23440.0000	23748.0000	22206.0000	23675.0000	24148.0000	26550.0000	28605.0000	36302.0000
353.0000	336714.0000	21829.0000	21412.0000	22051.0000	22785.0000	21117.0000	22782.0000	23295.0000	24980.0000	26775.0000	33683.0000
354.0000	268631.0000	20817.0000	20463.0000	20948.0000	21474.0000	20233.0000	21602.0000	22393.0000	23830.0000	25205.0000	31836.0000
355.0000	211879.0000	19898.0000	19427.0000	19886.0000	20684.0000	19469.0000	20746.0000	21482.0000	22441.0000	23739.0000	29559.0000
356.0000	166900.0000	19392.0000	18778.0000	19136.0000	19673.0000	18816.0000	19961.0000	20579.0000	21541.0000	22635.0000	28077.0000
357.0000	124501.0000	18919.0000	18206.0000	18451.0000	19093.0000	18359.0000	19320.0000	20005.0000	20398.0000	21304.0000	26216.0000
358.0000	93338.0000	18668.0000	17883.0000	18022.0000	18458.0000	18061.0000	18737.0000	19406.0000	19709.0000	20347.0000	25017.0000
359.0000	71476.0000	18411.0000	17631.0000	17704.0000	18232.0000	17889.0000	18404.0000	19009.0000	19052.0000	19599.0000	23914.0000
360.0000	53041.0000	18277.0000	17550.0000	17570.0000	17982.0000	17817.0000	18174.0000	18712.0000	18710.0000	19135.0000	23323.0000
361.0000	41300.0000	18178.0000	17501.0000	17423.0000	17916.0000	17840.0000	18143.0000	18569.0000	18326.0000	18814.0000	22705.0000
362.0000	33487.0000	18164.0000	17452.0000	17417.0000	17870.0000	17872.0000	18072.0000	18461.0000	18210.0000	18631.0000	22383.0000
363.0000	30374.0000	18141.0000	17451.0000	17450.0000	17924.0000	17935.0000	18128.0000	18487.0000	18160.0000	18555.0000	22105.0000
364.0000	28314.0000	18222.0000	17556.0000	17509.0000	17984.0000	18005.0000	18206.0000	18544.0000	18272.0000	18601.0000	21953.0000
365.0000	27462.0000	18244.0000	17643.0000	17545.0000	18030.0000	18065.0000	18309.0000	18676.0000	18313.0000	18626.0000	21774.0000
366.0000		18280.0000	17737.0000	17613.0000	18076.0000	18023.0000	18330.0000	18726.0000	18398.0000	18631.0000	21638.0000
367.0000			17765.0000	17643.0000	18081.0000	17940.0000	18354.0000	18756.0000	18412.0000	18655.0000	21405.0000
368.0000				17630.0000	18027.0000	17802.0000	18296.0000	18693.0000	18426.0000	18640.0000	21129.0000
369.0000					17997.0000	17682.0000	18223.0000	18597.0000	18345.0000	18548.0000	20771.0000
370.0000							18076.0000	18412.0000	18277.0000	18335.0000	20465.0000
371.0000								18315.0000	18069.0000	18125.0000	20044.0000
372.0000									17894.0000	17958.0000	19753.0000
373.0000										17778.0000	19451.0000

